8
202120123 100
202120003 130
202120121 89
202120382 115
202120328 140
202120124 115
202120114 115
202120122 115

295
202120121 89
202120123 100
202120114 115
202120122 115
202120124 115
202120382 115

30
202020192 60
202020760 7
202020823 76
202020591 145
202020424 117
202020883 105
202021024 126
202020708 137
202020755 5
202020733 117
202020914 55
202020450 86
202020875 99
202020979 128
202020546 31
202021010 137
202020215 146
202020147 47
202020985 39
202020835 111
202020103 50
202020116 124
202020832 89
202020787 14
202021028 57
202020497 131
202020682 32
202020222 31
202020283 133
202020111 89

230
202020755 5
202020760 7
202020787 14
202020222 31
202020546 31
202020682 32
202020985 39
202020147 47
202020103 50